0.12480338500017751
0.12742635000040536
0.13167995100002372
0.1340896030001204
0.13387315399995714
0.12892069299959985
0.13489780099962445
0.13727032199994937
0.40826176700011274
0.14000215199985178
0.14263049500004854
0.13761978700040345
0.14256628399971305
0.3854009130000122
0.2791661810001642
0.15208080399997925
0.24505317400007698
0.15772841999978482
0.6697010040002169
0.14419880799960083
0.24744887699989704
0.27540093400011756
0.16979387400033374
4.574239547000161
0.260577758999716
0.1423539620000156
0.15213907199995447
0.5281788110000889
0.1491522299997996
0.24851384500016138
0.1564807350000592
0.6590621679997639
0.14189045399962197
0.1442228549999527
0.2390670120003051
0.14254824099998586
0.14905900500025382
0.39845576900006563
0.2687949500000286
0.406950340000094
0.41489864100003615
0.14054987000008623
0.2448131710002599
0.1418766339998001
0.15392877900012536
0.40962546199989447
0.3992174140003044
0.3982825800003411
0.1442684889998418
0.4125797749998128
0.15697688299997026
0.24988065399975312
0.15516663300013533
0.24718070800008718
0.1551463219998368
0.1299544030002835
0.12951217499994527
0.41421832300011374
0.1471988160001274
0.2517884980002236
0.1509476960000029
0.26460525800030155
0.16329934500026866
0.2633198630001061
0.2746034689998851
0.4201616700001978
0.4157568230002653
0.5329219449999982
0.15016874699995242
0.1425022739999804
0.14519521600004737
0.2575742189997072
0.4154626639997332
0.24825837599973966
0.15875013899994883
0.40551273699975354
0.1264927010001884
0.14036284800022258
0.40853510599981746
0.14764187699984177
0.3868324270001722
0.14893768699994325
0.2419010960002197
0.17592919500020798
0.5166103239998847
0.03153097600034016
0.1305392029998984
0.1405809960001534
0.13063784999985728
0.13706319199991412
0.24287201800007097
0.14935931299987715
0.41602520300011747
0.3940510459997313
0.15714999700003318
0.26382738499978586
0.2541994709999926
0.151626639999904
0.25553631699995094
0.25816108699973483
0.15446979299986197
0.15322269900025276
0.2567043620001641
0.5177099339998676
0.5553986099998838
0.26007786199988914
0.43716503299992837
0.42188740600022356
0.2535944109999946
0.40171705299962923
0.14594709699986197
0.1308255580001969
0.1319374479999169
0.1509714960002384
0.15518342099994697
0.24074954799971238
0.1634035409997523
0.26790807399993355
0.38796663499988426
0.26424419299974033
0.17135092299986354
0.2523599319997629
0.2742923770001653
0.4139324640000268
0.26334408200000325
0.27964804999965054
0.2736568760001319
0.25595737100002225
0.2516726160001781
0.16649088800022582
0.27109778500016546
0.2758073449999756
0.2519500150001477
0.26393213399978777
0.29858935200036285
0.26878278499998487
0.2558977609996873
0.15137365800001135
0.9462081420001596
0.14754175200005193
0.3946276530000432
0.1611694940002053
0.13423506800018004
0.14027125099983095
0.13831978200005324
0.13178605599978255
0.13323144300011336
0.1366673500001525
0.1330851090001488
0.13276030000042738
0.14226801800032263
0.14271264899980451
0.15198018199998842
0.1395049600000675
0.2800897619999887
0.5198784770000202
0.1476433719999477
0.1509587969999302
0.24574948500003302
0.15471199000012348
0.25046406299998125
0.15483504699977857
0.4321367050001754
0.2518418909999127
0.13796432600020125
0.14927282099961303
0.13772989599965513
0.13677472899962595
0.513183368999762
0.2641508709998561
0.15489137700024003
0.25982930099962687
0.838956005
0.1335226349997356
0.13352088200008438
0.12851040600025954
0.12414004199990814
0.1440747750002629
0.12532640599965816
0.14931175399988206
0.1172962649998226
0.028416242999810493
0.11390614699985235
0.010272059999806515
0.023288637999939965
0.11367660799987789
0.022361933999945904
0.11354246999962925
0.0229565099998581
0.11230798600035996
0.022153108000111388
0.11610284100015633
0.02443747600000279
0.11130419500022981
0.021762992999811104
0.11338419000003341
0.022402810000130557
0.11329618899981142
0.022255342999869754
0.11444827600007557
0.022137322999697062
0.1134928649998983
0.12341278799976863
0.016333570999904623
0.13754442099980224
0.14138190999983635
0.134566624999934
0.11599768800033416
0.02396299599968188
0.11627129899989086
0.14534622699966349
0.13661820500010435
0.1377268709998134
0.11438718399995196
0.025147462999939307
0.13435035100019377
0.1332442739999351
0.1378769929997361
0.13047523600016575
0.13505713099993955
0.020546749000004638
0.11393009499988693
0.02226724000001923
0.11312665100012964
0.02041269600022133
0.11108596099984425
0.021445636999942508
0.11358517500002563
0.02184857700012799
0.11415829599991412
0.025127920000159065
0.11635721900029239
0.02529941200009489
0.11273072299991327
0.02246071200033839
0.11847680200025934
0.02586390099986602
0.11328714000001128
0.12490705599975627
0.020638713000153075
0.13981291700019938
0.1408891279997988
0.13780106399963188
0.11447167500000432
0.024298665000060282
0.11509784300005776
0.025393667000116693
0.11878611200017986
0.12663884000039616
0.014244661000248016
0.1422107859998505
0.11738576300012937
0.02815966699972705
0.11618154799998592
0.14318202699996618
0.1453273749998516
0.11541364300001078
0.02463067200005753
0.1233382509999501
0.14232562499955748
0.14428492799970627
0.12312098499978674
0.14590086299995164
0.11985347200015894
0.029607464000036998
0.1203168359998017
0.12265449899996383
0.15336742999988928
0.12426056399999652
0.15938174999973853
0.12223733700011508
0.13282252099998004
0.16145904600034555
0.13045712300026935
0.15525575899982869
0.1304844649998813
0.12587558299992452
0.16088154999988546
0.13100194100024964
0.12568469999996523
0.1262109449999116
0.1612386910001078
0.1266756439999881
0.12334452899995085
0.12571054999989428
0.5459072359999482
0.5746086949998244
0.4001028520001455
0.1479976320001697
0.2639803480001319
0.1502785339998809
0.1307869889997164
0.13457917999994606
0.13885400400022263
0.13727948299992931
0.133651226999973
0.13024716600011743
0.14057112399996186
0.13880836999987878
0.1410149480002474
0.14318806899973424
0.13261140700024043
0.12827096899991375
0.13158428600036132
0.1338738109998303
0.1357440710003175
0.13782937900032266
0.30369016700024076
0.13295817699963663
0.24701361699999325
0.15938058799974897
0.13230706599961195
0.13131147400008558
0.12657524799988096
0.2990485989998888
0.12590047599996979
0.12658684999996694
0.1348947470000894
0.13442686000007598
0.13472625199983668
0.3181963739998537
0.1331750379999903
0.12926184600019042
0.12631921799993506
0.1289816339999561
0.1667245600001479
0.12411704099986309
0.1260797370000546
0.14398223999978654
0.14250666099997034
0.1177047909995963
0.026194447000307264
0.11737319299982119
0.1428398829998514
0.11668480600019393
0.02438828399999693
0.12073646599992571
0.13995427899999413
0.15015652300007787
0.11372648099995786
0.02859244299997954
0.1215100189997429
0.1255531830001928
0.01324768899985429
0.13926273800007039
0.13989746200013542
0.11279814599993188
0.027078188999894337
0.1309101459996782
0.13296340499982762
0.13697364500012554
0.13304412399975263
0.13442618599992784
0.13548848799973712
0.13858798799992655
0.1371105529997294
0.13624568600016573
0.14617283400002634
0.11240243499969438
0.027802301999599877
0.11700429499978782
0.026781491999827267
0.11689288099978512
0.14811350399986623
0.12223053900015657
0.15095793999989837
0.12386865000007674
0.12509626300015952
0.16285143100003552
0.13694590300019627
0.12666797100018812
0.1337748709997868
0.12963948700007677
0.12948577799988925
0.29661754300013854
0.12780412799975238
0.13328842900000382
0.15218539899979078
0.13285293699982503
0.1366079389999868
0.13552179399994202
0.1379466609996598
0.13720594400001573
0.14133403799996813
0.14085239799987903
0.3888794270001199
0.43010328099990147
0.2696139330000733
0.15955064099989613
0.24326413000017055
0.1492725100001735
0.14527343899999323
0.2489892419998796
0.13767481100012446
0.13826682599983542
0.14759413299998414
0.1521065169999929
0.2464092229997732
0.15281723799989777
0.2628470810000181
0.25694512399968517
0.15498548599998685
0.12542021999979625
0.14107814099997995
0.14399686000024303
0.3885915739997472
0.14396004099990023
0.2599214619999657
0.2676550250002947
0.5531122779998441
0.26266593999980614
0.2779630330001055
0.2927417640003114
0.14432786199995462
0.39251147100003436
0.2538979340001788
0.15762405699979354
0.2554416009998022
0.14605717599988566
0.15043078100006824
0.4177585369998269
0.2477565690001029
0.26324080499989577
0.160526879000372
0.13098937799986743
0.1412634920002347
0.1398081209999873
0.12845121100008328
0.1258904269998311
0.14733875699994314
0.11835465400008616
0.14603342100008376
0.11732326700030171
0.02773092200004612
0.11573806599972158
0.1251406770002177
0.022030011999959243
0.1374211010002
0.13696049300006052
0.13754461899998205
0.11485965500014572
0.022926273999928526
0.11943663000010929
0.14348119900023448
0.12207449500010625
0.03813913700014382
0.11420979400008946
0.1519609449997006
0.11981764999973166
0.16698857899973518
0.11945341799992093
0.1251603040000191
0.16171083900007943
0.12491820200011716
0.12769163899974956
0.13383675799968842
0.13454830099999526
0.13514553100003468
0.1315054639999289
0.13283485500005554
0.13516581099975156
0.13931564199992863
0.2657660649997524
0.14705636600001526
0.2612365889999637
0.14395621599987862
0.14552128300010736
0.38850480399969456
0.4113680129999011
0.14836448799997015
0.40866028900018136
0.38824500100008663
0.13963178400035758
0.13318523699990692
0.1620195830000739
0.12668117300017911
0.13221332000011898
0.1305297230001088
0.42617320599993036
0.13190685900008248
0.13587476800012155
0.13864132999970025
0.13726482500032944
0.14079815300010523
0.2411271719997785
0.03949672999988252
0.13533035199998267
0.13738846600017496
0.1318697599999723
0.1303745129998788
0.14173682199998439
0.128508568000143
0.13515783999991982
0.13121469799989427
0.1576791829998001
0.1358966429997963
0.13783447600008003
0.12703232099966044
0.1311655850004172
0.15511973699994996
0.12756390200001988
0.1299292769999738
0.29552144099989164
0.12874270100019203
0.14060764300029405
0.13170588599996336
0.13100322100035555
0.12808404999987033
0.1727742479997687
0.12930682899968815
0.13242898799990144
0.13025573000004442
0.13724663999983022
0.1288460750001832
0.13102982999998858
0.3039264770000045
0.13616304800007129
0.13880981700003758
0.13268010499996308
0.1379041079999297
0.1366239239996503
0.14207469399980255
0.14607407699986652
0.24264582899968445
0.2712553679998564
0.14411557299990818
0.14332707299990943
0.14696455299963418
0.2593361909998748
0.2870888540001033
0.2695964939998703
0.25062059399988357
0.16288452199978565
0.2520571499999278
0.4060404470001231
0.13736192399983338
0.14749922000009974
0.1345824699997138
0.26537407700016047
0.03126994800004468
0.1341001839996352
0.1153004019997752
0.392648490999818
0.13586233200021525
0.1329980219998106
0.13616123099973265
0.13491489799980627
0.025610598000184837
0.13070624400006636
0.14743630099974325
0.11891654600003676
0.13692031100026725
0.14115341600017928
0.143079686999954
0.1243166850003945
0.1659756910003125
0.11965871600023092
0.1631662029999461
0.12923835499987035
0.12884442700033105
0.1350745550003012
0.4352397520001432
0.13087452599984317
0.1283829109997896
0.13148876600007497
0.16480194800033132
0.13129263500013622
0.12496452400000635
0.12441942499981451
0.14203237899982923
0.02477099299994734
0.1239565030000449
0.26604340900030365
0.02217442300025141
0.126402237000093
0.1569771499998751
0.12764421100018808
0.15820625100013785
0.13112606499998947
0.12615139899980932
0.13046945999985837
0.39920590600013384
0.1350800979998894
0.13638457400020343
0.13848028899974452
0.03904956999986098
0.12898635800002012
0.14039049899974998
0.13036063900017325
0.13847425999983898
0.14123040999993464
0.14147873899992192
0.14240517700000055
0.14303918299992802
0.5266139310001563
0.15934361300014643
0.14661644899979365
0.15122608499996204
0.154071746000227
0.5769214020001527
0.2675169179997283
0.24122581100027674
0.15072320600029343
0.2565261879999525
0.15483059100006358
0.13177805999976044
0.15608888199994908
0.6714444690001073
0.2594619490000696
0.15727719699998488
0.38849044500011587
0.02487402100041436
0.12903955699994185
0.12626675100000284
0.13793792700016638
0.010198260999914055
0.11743660299998737
0.02475019000030443
0.11766611999973975
0.1440684119997968
0.11811794100003681
0.1263509690002138
0.020085935999759386
0.11929758900032539
0.02695352199998524
0.1274539949999962
0.14620396100008293
0.12123323000014352
0.12188395900011528
0.13242087500020716
0.024699419000171474
0.125071539000146
0.12173996100000295
0.1326581579996855
0.025314421000075527
0.13018567000017356
0.13586784200015245
0.7120997529996203
0.1331364009997742
0.1441493890001766
0.13545856600012485
0.9174553830002878
0.14536813899985646
0.14955608199989
0.14588881300005596
0.3871244269998897
0.15303764800000863
0.1469275409999682
0.38860886700013
0.15182283700005428
0.40176179499985665
0.41308437900033823
