0.12281915399998411
0.16389373299998056
0.12829777400000353
0.13068310599999222
0.12644388799998296
0.12903916100000856
0.16957347499999287
0.1326571900000033
0.12846181599999795
0.1338490099999774
0.13272248999999192
0.13256054000001427
0.13320364800000561
0.2986821180000163
0.12706672499999172
0.12891562899997666
0.13142489699998805
0.12909347300001173
0.40720712899999967
0.03360087500001896
0.13024583199998574
0.14200446899999974
0.130139789999987
0.12950501500000655
0.2833446699999911
0.13087085200001525
0.13664027100000453
0.1334071320000021
0.1318068379999886
0.1378830889999847
0.2953138179999826
0.13437167000000727
0.13635663400000908
0.12481578999998533
0.16283034099998872
0.12668864799999824
0.12486004099997672
0.12428692099999239
0.1529055400000061
0.12172998500000176
0.15011336300000266
0.12535440100000983
0.1511743709999962
0.12817959099999143
0.12293940800000769
0.16305608400000438
0.11939457500000117
0.2590240950000009
0.02553006400000868
0.12890397199998915
0.1314748839999993
0.13106862300000444
0.13312790599999857
0.14300412999998002
0.1358263139999849
0.13775511900001902
0.13855758200000423
0.13560788800000978
0.14102539499998556
0.13501672500001405
0.138125414000001
0.13790831899999034
0.13342762199999925
0.13722073100001353
0.13157790200000363
0.30119554700002027
0.12693251300001407
0.1251856860000089
0.12575080199999888
0.1555998030000012
0.12684159599999134
0.12755407500000615
0.16399816200001283
0.13112473200001773
0.13386301400001344
0.12626060300001996
0.16838773200001356
0.1147537120000095
0.14853455700000495
0.12008465099998489
0.15549465399999463
0.12657380900000703
0.12114030099999695
0.027230478000006997
0.12059639099999231
0.1228706819999843
0.14041172199998186
0.01897139900000866
0.12628904400000351
0.1571685039999977
0.12403068599999756
0.1252587769999991
0.1611363130000143
0.1319674149999912
0.12627549000001181
0.13112773100002073
0.13010314299998527
0.1300105310000106
0.0003993220000211295
0.2984638490000009
0.12709506999999576
0.12867715300001237
0.1528070889999924
0.1444061840000188
0.11255986200001189
0.02550868100001935
0.11802149300001474
0.14518557900001383
0.1392817990000026
0.13400416600001108
0.15249239400000647
0.13115307499998607
0.1345665810000014
0.150781735999999
0.13303338599999392
0.021211745000016435
0.11165172299999426
0.020651611000005232
0.11480209900000204
0.02453536199999462
0.11224439000000075
0.033153366999982836
0.13522688400001925
0.12868455599999606
0.1204380479999827
0.014369135000009692
0.02002747599999566
0.1113329510000085
0.02000328500000137
0.11060488699999382
0.02195630700001061
0.12666733700001487
0.016296433000007937
0.10598125399999958
0.016441410999988193
0.01272395399999482
0.11171760700000277
0.010595719999997755
0.008338735999984692
0.00908374900001263
0.10874055599998655
0.012420758999979853
0.40604925900001376
0.007734287999994649
0.009259909000007838
0.11014716600001861
0.011287374000005457
0.01190550199999052
0.11838919099997725
0.015009888999998111
0.11295449699997562
0.028467674000012266
0.11186990799998853
0.144889696000007
0.015972290999997085
0.12019500899998548
0.016251003000007813
0.1248004999999921
0.11749666299999717
0.009044751999994105
0.01901937099998463
0.11111391299999696
0.02099251899997512
0.11077052900000695
0.02045935799998233
0.13358522400000084
0.13395508599998607
0.14872365799999443
0.12887797299998738
0.1375665470000058
0.13395063700002652
0.1355115799999851
0.13719208899999558
0.11535926700000232
0.024428601000010985
0.12036953300000164
0.1296892459999981
0.018937834999974257
0.14384418400001664
0.11742804499999693
0.029983641999990596
0.11905134400001316
0.14630128199999604
0.12139925599998946
0.1528081109999846
0.1253149570000005
0.1521014920000141
0.13979000599999836
0.12058557500000688
0.1588541089999751
0.1297627529999943
0.1259887820000074
0.26785104599997567
0.02591478600001551
0.1275818089999916
0.1281144769999969
0.12825725900000862
0.2991099600000098
0.1300737990000016
0.12693834899999956
0.13177089999999225
0.16476547899998195
0.13046535800000925
0.12992870100001142
0.14138831600001822
0.13163988400000903
0.13252321400000255
0.14304749099997593
0.1345709170000191
0.13824752200000034
0.13670458300001087
0.14698698199998717
0.13779138799998236
0.13762256600000455
0.13763607600000682
0.6439227669999923
0.14188651300000288
0.14269475200001125
0.13970765299998789
0.137198460999997
0.15072940199999607
0.13503163199999335
0.1369226539999886
0.14074556200000643
0.14370838500002492
0.5195450010000116
0.15466484300000616
0.14216071299998134
0.38179309599999556
0.14366076600001065
0.14365551099999152
0.38504953699998623
0.1469066450000014
0.1476313320000031
0.1430890960000113
0.13973155200000065
0.3829134730000021
0.14548412199999916
0.13622643799999423
0.13894440800001462
0.135739975000007
0.13740988000000698
0.14028324099999168
0.14326896299999703
0.5110622459999945
0.13638283599999568
0.1344967069999825
0.13719998100000907
0.14001389599999925
0.8149017749999814
0.1428511869999909
0.14193019600000412
0.13688970600000516
0.16318630300000336
0.11784459800000491
0.14564869800000224
0.1169235970000102
0.14876692600000752
0.12307260299999712
0.15939911800001028
0.14061766599999714
0.12351009899998644
0.15749437599998828
0.12718362199998978
0.1227374359999942
0.030757998000012776
0.12216247000000635
0.1536935789999916
0.12247924199999716
0.1443103830000041
0.14019544500001757
0.1228717070000016
0.15447512899999083
0.13549785200001452
0.12148026599999184
0.12850729099997693
0.01711616700001173
0.13996318599998858
0.12992845400000874
0.020009092999998757
0.11021882700001129
0.01868044700000837
0.1109995500000025
0.02494189099999744
0.12927459700000554
0.11938817799997992
0.008102997000008827
0.01890808599998195
0.12095281099999511
0.01864475900001139
0.1359344130000011
0.12994147500000963
0.13097952100000043
0.12084007500001803
0.01636083999997595
0.12289246900002126
0.013555015999997977
0.12459780099999307
0.01740621600001191
0.1401929129999928
0.13717949200000135
0.13568061600000192
0.11471596200001954
0.024268401000000495
0.11414018299998929
0.022920800000008512
0.12399260999998774
0.025531178000022692
0.11143212499999322
0.02284112099999902
0.12228112299999339
0.12256823799998529
0.01014292600001454
0.020799635000003036
0.11229718900000307
0.02230040699998881
0.11584400000000983
0.020327821999984508
0.11455566600000111
0.13854480300000205
0.13722404800000731
0.14550576099998125
0.13579224999998019
0.11476844500000993
0.024616874999992433
0.11911850900000331
0.14987419899998145
0.1391917880000051
0.148509746000002
0.11489878999998382
0.03314908300001207
0.11241275899999437
0.024726565000008804
0.12217531299998541
0.14189731999999822
0.1506436360000123
0.11828735000000279
0.12787614699999494
0.017664839000019583
0.11967094800002087
0.03186500799998271
0.12641904700001305
0.15926706299998727
0.12026801800001863
0.12309633800001052
0.13634060399999726
0.02197350899999151
0.12445164900000805
0.1537124330000097
0.1240222289999906
0.1296489210000118
0.12620469300000536
0.16583430100001806
0.12392525600000681
0.12785350100000414
0.26882478000001697
0.023986944000000676
0.13131520600001068
0.12783279999999309
0.126735468999982
0.16377641500000095
0.13085265399999457
0.12923958799999014
0.141950004999984
0.12500297299999374
0.12413586100001339
0.028844792999990432
0.13252060400000687
0.252466792000007
0.027185248999984424
0.12383570800000143
0.12476467599998387
0.16078764599998863
0.1349155069999881
0.12984843899999987
0.1338420750000182
0.13071932700000843
0.14328131999999982
0.13403425900000343
0.13281304899999213
0.4010404790000166
0.03027133400001958
0.12806267799999205
0.12838239100000237
0.13353304500000718
0.12979802499998527
0.5438257010000029
0.1333061870000165
0.13562175000001275
0.404633978999982
0.6801180269999918
0.14192381300000534
0.12630419000001325
0.14148097800000414
0.13776829200000407
0.1419455429999914
0.13828037099997914
0.28069474200000855
0.12212209000000485
0.1417411619999882
0.1288875059999839
0.16178361100000416
0.12771266199999332
0.11850486200000887
0.2628560789999881
0.025575365999998212
0.1294264539999972
0.12354899700000033
0.15948681800000486
0.130979501000013
0.13235031599998592
0.1232389789999786
0.15952166200000306
0.12906846499998892
0.13246088399998257
0.14665053899997815
0.1198471120000022
0.125099984000002
0.13189499899999646
0.024540943999994624
0.12469064900000149
0.1433889390000047
0.14911783099998388
0.11993931300000327
0.12667608500001393
0.03601525499999525
0.12089730499999973
0.12233657999999537
0.13310118000001125
0.027377803999996786
0.12264465699999505
0.13674684600002251
0.02078654600001073
0.12491502599999649
0.12568548800001622
0.16255949400002123
0.12932686700000318
0.12848517699998752
0.12833694500000092
0.1586709839999969
0.12832127100000434
0.12444341299999451
0.26128117700000075
0.029366939999988517
0.12567005400001108
0.12673045599999
0.25994951600000604
0.037269175000005816
0.12553589100002682
0.1306968149999932
0.127379459999986
0.15629361500000982
0.1195368710000082
0.1507971440000233
0.12169182100001308
0.1261027570000124
0.15490082200000188
0.12838391799999727
0.12707874200000902
0.16372946800001387
0.12535149799998635
0.13046246000001815
0.12750375600001007
0.29590560299999424
0.13139953699999296
0.13188093400000866
0.15447709800000098
0.1255751139999859
0.13360387400001628
0.1349423510000065
0.14185512599999583
0.13804245100001822
0.1379941480000184
0.13379430099999468
0.13401540000000978
0.13530698200000302
0.13603062500001784
0.40747100400000136
0.29609967999999753
0.1307309390000171
0.13105130200000303
0.13460979000001316
0.1348986630000013
0.1309943589999989
0.1279053959999885
0.26430344900001046
0.02599872000001824
0.12436142499998937
0.12477393700001471
0.16117629799998667
0.12213503699999251
0.12340814099999875
0.0247605980000003
0.12172999099999515
0.12361383100000012
0.033798404999998866
0.12592901900001152
0.12171664199999555
0.15936926200001267
0.1274672669999859
0.12354444400000375
0.16394925700001295
0.13447885300001872
0.132792754999997
0.12790961300001413
0.40311309300000175
0.028047360000016397
0.13385950400001434
0.13457338300000288
0.13335312399999566
0.1345752750000031
0.13695972600001483
0.13426830699998504
0.27207926200000543
0.13833605400000692
0.13739552699999535
0.13784875199999647
0.14817111700000396
0.14484549100001232
0.13821396900002014
0.13762695099998723
0.139569272999978
0.13510469700000272
0.27249331999999526
0.14129223599999818
0.14344647600000826
0.1366896800000177
0.13528296300000875
0.1338045040000111
0.23661316899998042
0.02427562400001193
0.1347919399999853
0.13111834299999714
0.12857783999999128
0.13164387599999827
0.135657746999982
0.16140113000000156
0.12630548199999225
0.1250560050000047
0.2935194369999863
0.12314314100001411
0.28628658499999915
0.13045876900000053
0.12414252900001088
0.02588769900000898
0.11912747400000967
0.14476394299998674
0.1332318819999898
0.13301014600000372
0.020786193999981606
0.11269571499997255
0.02215393299999846
0.1259922030000098
0.11814586500000246
0.009502276999995729
0.020298801000024014
0.1198549430000071
0.01418930299999488
0.11307376600001362
0.011843483000006927
0.009165211999999201
0.008360893000002534
0.11458814899998515
0.007514931000002889
0.008430809999993016
0.007257084000002578
0.1070360219999884
1.0736050000000148
0.004998353999980054
0.01721214500000201
0.014013839000000416
0.12129479500001139
0.015538668000004918
0.11818133099998818
0.019209937999988824
0.14024835699999016
0.12684281999997893
0.02080702599999995
0.11770280700000058
0.018189909999989595
0.11191505400000779
0.02233456700000147
0.11119030999998358
0.022149548999976787
0.1367376499999864
0.13971742399999698
0.11429858099998569
0.024880475000003344
0.11669173100000307
0.14322242099999016
0.12329148200001327
0.031069105000000263
0.11976464100001749
0.12094404399999803
0.03207116400000132
0.12325038599999516
0.12755319999999415
0.16432138899997994
0.12789116299998682
0.12800223200000005
0.16697242600000095
0.12927139399999987
0.12916315000001077
0.1292569379999975
0.16631239899999173
0.13040139700001419
0.1355273830000101
0.14129936500000895
0.1287686830000041
0.13146319199998402
0.1327534680000042
0.13333988100001193
0.544022468999998
0.40544066900000075
0.1370001630000104
0.14078039400001785
0.1437280039999962
0.14378497199999174
0.14366242400001283
0.1411516369999788
0.2400584600000002
0.2800771779999991
0.15592233600000327
0.39091314499998475
0.16234181400000125
0.24514173899999037
0.14187642499999242
0.14324867400000585
0.1577889609999943
0.24382851300001107
0.1368685090000099
0.14434064100001365
0.15150856500000032
0.2457371220000084
0.28948844399999984
0.14775596299998028
0.2500907659999996
0.13976033000000143
0.13683030999999346
0.14046151700000564
0.025671603999995796
0.13347936200000277
0.1250882020000006
0.12901890100002333
0.16437083099998517
0.12162281700000221
0.1300190849999865
0.1277396099999919
0.541572522999985
0.14356132599999682
0.028047791999995297
0.13169671099998936
0.13738174899998512
0.25785684100000594
0.12497819000000732
0.13102272399999038
0.1423114989999874
0.020002874999988762
0.1261080429999879
0.1293060060000073
0.13568459200001826
0.027360526999984813
0.12201759799998513
0.016916210000005094
0.13613595000001055
0.11560784799999624
0.024127891999995654
0.13222610700000814
0.1121533950000071
0.022317323000009992
0.11559343700000113
0.12886626600001705
0.026814079000018864
0.1379916909999963
0.11883832000000893
0.1563381779999986
0.11594793599999775
0.028958044000006566
0.11564591599997698
0.023320363000010502
0.11502096000000961
0.021095589999987396
0.11139000399998622
0.01929704400001242
0.1118276660000106
0.01654171800001336
0.12351183399999854
0.01220831000000544
0.11200478699998939
0.0005597229999807496
0.009845288000008168
0.009907467999994424
0.009043021999985967
0.110010367000001
0.011417570000020305
0.010288633000016034
1.2420855679999931
0.11284312699999077
0.009612234000002218
0.009303393000010374
0.11065343700002472
0.010804591000010078
0.3980394980000028
0.013987517999993315
0.13137704300001474
0.015384352000012314
0.12173366599998303
0.12961094599998546
0.02284729000001562
0.12801540200001682
0.1292026309999983
0.01926462499997683
0.1115849740000101
0.021047884000012118
0.11505111900001452
0.022435667999985753
0.11242593100001841
0.021762136999996073
0.11381250700000578
0.1245647329999997
0.02446675599998116
0.14211016499999118
0.12297451800000658
0.01750508399999262
0.14355533700000933
0.14230240700001673
0.12074493700001199
0.02338420099999894
0.1156271969999807
0.14927876499999115
0.11724416900000278
0.029494729999981928
0.12248517799997671
0.1498533299999849
0.1104261220000069
0.12931641800000193
0.014632700999982262
0.14217894499998351
0.11890667299999791
0.026937973000002557
0.11549492699998609
0.02148276299999452
0.11679620399999635
0.02104101399999081
0.11879905099999633
0.15036029699999176
0.12159846099999072
0.14996081000001027
0.12211349199998267
0.15163566900000092
0.12045759100001874
0.13098872700001607
0.0210296200000073
0.12018128899998715
0.15533746500000234
0.12619406999999683
0.12658713999999804
0.1282944069999985
0.1540824010000108
0.12562974999997323
0.11901395900000011
0.1273675580000031
0.01835743399999501
0.12156829299999572
0.1315184130000091
0.0282355530000018
0.12243541600000185
0.2598158009999736
0.018928050999988955
0.14604401100001496
0.11797868200000039
0.15433485399998403
0.12935932399997796
0.1231148550000114
0.15402335600001038
0.12518431799998098
0.1298484369999926
0.127890739999998
0.15856486600000608
0.12651681299999495
0.1200565150000159
0.6715771240000095
0.13615033000002086
0.5425012389999893
0.14053256100001477
0.14218052100000023
0.14287481400000956
0.2442603659999918
0.28034895600001164
0.14872377200001097
0.3816435070000068
0.14308978700000807
0.14410814299998265
0.24377499499999544
0.14169425500000443
0.1526623360000201
0.14771693700001265
0.2453655139999853
0.15620211099999892
0.2507057159999988
0.14432785500000023
0.15542427799999814
0.14483251300001143
0.2402514849999875
0.1493031869999868
0.4074784690000115
0.1454895730000203
0.13470549499999152
0.1406315429999836
0.12486758400001463
0.16179216999998403
0.25865220600002203
0.13984333899998092
0.1388184720000254
0.38272026500001743
0.15389923700001873
0.14382177699999943
0.23808668099999863
0.16051875599998766
0.3969527790000029
0.15213043999997922
0.24911155499998472
0.166953282999998
0.4020579049999924
0.12320157000004883
0.17083134599999994
0.13296734300001845
0.1229060829999753
0.1280595700000049
0.16695736700000907
0.1364192629999934
0.13485395399999334
0.24115620300000273
0.26931801099999575
0.14043517499999325
0.14669534799998019
0.13343663799997785
0.14394875400000728
0.14658265899998923
0.38542196800000283
0.1662266800000225
0.37986469700001635
0.14797733500000732
0.399904193999987
0.15259984600004373
0.24524628599999687
0.15374678099999528
0.3958374009999943
0.14610086299995828
0.3875250350000101
0.1403490270000134
0.27951819899999464
0.39312103100002105
0.14963158800003384
0.23849102799999855
0.14995620900003814
0.15246877399999903
0.5077475589999949
0.027144495000015922
0.12459715099998903
0.12994754300001432
0.13468594900001563
0.1558231630000364
0.12058148300002358
0.12453566699997509
0.15702076899998474
0.12933754199997338
0.2650981940000179
0.02363335900002994
0.11592898300000343
0.1449808230000258
