0.24409514600006332
0.27352529000017967
0.16819061000001057
0.3882694989999891
0.13568273600003522
0.134371407999879
0.5397845590000543
0.138784423000061
0.16678677299978517
0.2700260240001171
0.40607094300003155
0.16025191800008542
0.2520701220000774
0.28739689100007126
0.26877079300015794
0.26771047400006864
0.26536974600003305
0.164848136000046
1.2194185550001748
0.4065724429999591
0.41186334799999713
0.4159989059999134
0.3810434100000748
0.1593142409999473
0.26311811699997634
0.2970083159998467
0.12563552199981132
0.24536688399984996
0.2687184530000195
0.17316917299990564
0.1273041720000947
0.008936952000112797
0.006704195999873264
0.005687913000201661
0.1354932510000708
0.010320783999986816
0.10694675300010204
0.006454996999991636
0.0184140489998299
0.12129084900016096
0.0179624799998237
0.10908931099993424
0.02043021399981626
0.11482087900003535
0.027585894000139888
0.11939646600012566
0.026452427000094758
0.11407941800007393
0.1510807610000029
0.14683450699999412
0.11713523100002021
0.1305677520001609
0.018634576999829733
0.11962858600008985
0.026011217999894143
0.1195628340001349
0.154448438999907
0.11545864699996855
0.13175823999995373
0.020770794000100068
0.12132041900008517
0.022403306999876804
0.12242481100020086
0.11806520700019973
0.0293000070000744
0.11761208300004
0.1433948229998805
0.1345617750000656
0.13552316499999506
0.12085035199993399
0.012548352000067098
0.023377016000040385
0.1316564170001584
0.1303087470000719
0.015132623999988937
0.12040849000004528
0.013743059000034918
0.11417899200000647
0.011628539999946952
0.010498392999807038
0.11205329300014455
0.012479901000006066
0.010820257999966998
0.009914387999970131
0.11141736400008995
0.010619943000165222
0.14832467299993368
0.39482907999990857
0.1267731590000949
0.13283928999999262
0.12113288000000466
0.011300460000029489
0.12262442700011889
0.016059790000099383
0.14527000800012502
0.12532628799999657
0.15061653399993702
0.13475324899991392
0.12525593100008336
0.2887479539999731
0.12083516100005909
0.1515095409999958
0.12511334900000293
0.023583988999916983
0.11479204900001605
0.12470981999990727
0.016323445000125503
0.14260739999986072
0.12981579500001317
0.020877512999959436
0.11395016900019073
0.022682728000063435
0.11622054899999057
0.026780467999969915
0.11197137499993914
0.023187691999964954
0.11015482500010876
0.021258100000068225
0.11038964199997281
0.022777571999995416
0.13423445099988385
0.11770249699998203
0.03176621699981297
0.11393758600002002
0.01595891100009794
0.0065059280000241415
0.104332457000055
0.002040836999867679
0.014754996999954528
0.14060996600005637
0.12077366499988784
0.149840857000072
0.12507353299997703
0.15111397700002271
0.12134646300000895
0.13058743099986714
0.017787420000104248
0.14184005399988564
0.12089648799997121
0.030040666000104466
0.8174060359999658
0.10641782000016065
0.01892860200018731
0.12953475200015419
0.021153535999928863
0.11649982800008729
0.024390964000076565
0.11177451599996857
0.023639547000129824
0.11629291899998861
0.14646467400007168
0.1206977269998788
0.15413185800002793
0.12226921499996024
0.2930215930000486
0.13229540599991196
0.13244136499997694
0.1328047920001154
0.1349869180000951
0.11895279300006223
0.13098452500003077
0.4256364959999246
0.11474116899989895
0.1697554970000965
0.1293158979999589
0.1309219109998594
0.12158558700002686
0.15714971400007016
0.12466105900011826
0.1386535130000084
0.15032716899986553
0.13120311700004095
0.12206916100012677
0.13325368400001025
0.018437861999927918
0.11974664700005633
0.2691184179998345
0.04228497000008247
0.12885965299983582
0.14674966899997344
0.24230487599993467
0.1614553839999644
0.1476972590000969
0.13782872699994186
0.38247483699979057
0.15687183000000005
0.25110331199994107
0.14355076200013173
0.13461962499991387
0.4119960569998966
0.26859639600002083
0.2853024329999698
0.41140432699990015
0.40446905299995706
0.3902010650001557
0.4006804739999552
0.2761878170001637
0.4389489870000034
0.28371786599996085
0.2567335579999508
0.16158375800000613
0.38595015200007765
0.2891561400001592
0.10892232399987734
0.0043214199999965786
0.004400900000064212
0.007537598999988404
0.01271440799996526
0.11804468299988002
0.015775991000055
0.11553526200009401
0.012587989000167
0.01250200100002985
0.11817531700012296
0.014134528999875329
0.11242839900000945
0.011990176999916002
0.01169528199989145
0.11851423000007344
0.012461109000014403
0.011439982999945641
0.11011842600009913
0.011267472999861639
0.012143604000129926
0.12380701799997951
0.018931162999933804
0.10942620200012243
0.02224618700006431
0.11468689700018331
0.027522783999984313
0.12166643499995189
0.15132958799995322
0.1267894510001497
0.1239925760000915
0.03239407299997765
0.12168953400009741
0.12774767499990958
0.96174712800007
0.1629346820000137
0.24200178499995673
0.022672441999930015
0.1217791629999283
0.12200763100008771
0.015153328999986115
0.14012717800005703
0.12369013200009249
0.18279469499998413
0.12412929299989628
0.14949801900002058
0.13321335299997372
0.14538886899981662
0.13052305900009742
0.14610414700018737
0.41774877400007426
0.6766746499999954
0.2891251690000445
0.39951265299987426
0.416355091000014
0.5335301799998433
0.6826049470000726
0.28649899199990614
0.39859886800013555
0.27403218499989634
0.2875927009999941
0.15651970199996867
0.12090759100010473
0.12859993400002168
0.14108148599984816
0.2678421530001742
0.542026726000131
0.2605204460001005
0.4115573229998972
0.12414181500002996
0.16418690699993022
0.13174327199999425
0.1368403850001414
0.421486232999996
0.23631203199988704
0.4086072110001169
0.14055266800005484
0.1370720600000368
0.14906934200007527
0.1417340460000105
0.11771239400013656
0.1273602700000538
0.027245859000004202
0.128807512000094
0.148243223999998
0.13766627499990136
0.14042831400001887
0.13303176499994152
0.14474600900007317
0.40929025999980695
0.3859566090000044
1.0924966869999935
0.8072164610000527
0.4009237180000582
0.1470491029999721
0.137882252000054
0.1393561630000022
0.2508098210000753
0.6938513310001326
0.11742157200001202
0.12514879999980622
0.025077944000031493
0.13504272500017578
0.3958253230000537
0.1284878530000242
0.16462302600007206
0.12284932700003992
0.14601438700015024
0.14476995199993326
0.13169817400012107
0.37896496500002286
0.027851347000023452
0.13638878400001886
0.3807890430000498
0.020877395000070464
0.1216519290001088
0.024891238999998677
0.12150881599995955
0.12140783699987878
0.03597819799983881
0.11432636400013507
0.015084023000099478
0.11801020400002926
0.14796568399992793
0.13329617699992014
0.14425480300019444
0.1400608789999751
0.12042410599997311
0.1513357389999328
0.15053521899994848
0.12689257500005624
0.1500881599999957
0.1310936339998534
0.2892713270000513
0.1360097730000689
0.14036166599998978
0.1436000620001323
0.14438218999998753
0.37858618400014166
0.025993510000034803
0.12351465999995526
0.12667411899997205
0.3982954549999249
0.2961632849999205
0.2514420790000713
0.026566376000118908
0.11992838799983474
0.16539416199998414
0.12300736099996357
0.15086687099983465
0.1279777820000163
0.14814461599985407
0.11951716499993381
0.029241296000009243
0.12215443500008405
0.14584014100000786
0.11727597999993122
0.025586155000155486
0.1158632280000802
0.12381942599995455
0.01550367400000141
0.022097753000025477
0.11320315700004357
0.12289931899999829
0.017480991999946127
0.14696590199991988
0.11870020000014847
0.12599933599994984
0.012572289999980057
0.14112385499993252
0.11781152799994743
0.029864573999930144
0.1226140259998374
0.1542658250000386
0.12463248100016244
0.12495315500018478
0.2672218719999364
0.025975486000106685
0.13261436599987064
0.13944020700000692
0.13432798000008006
0.2521923680001237
0.42702579299998433
0.803715830000101
0.695600314000103
0.40094925099992906
0.4135106670000823
0.4129254239999227
0.40308889099992484
0.4159871110000495
0.38943105299995295
0.26422414400008165
0.1340711000000283
0.13795177799988778
0.15946974799999225
0.27591836800002056
0.9654598430001897
0.2925060630000189
0.12504255800013198
0.12118529500003206
0.03324805700003708
0.14190113800009385
0.138169113999993
0.25322318300004554
0.16453289899982337
0.28708999699983906
0.3813350560001254
0.14908288700007688
0.3782621079999444
0.425773781000089
0.28271637100010594
0.3866195150001204
0.8315862549998201
0.8151332750001075
0.5376414290001321
0.2823841290000928
0.26410450299999866
0.275969337999868
0.2668375159998959
0.2744270929999857
1.36516063199997
0.13108946099987406
0.1398228850000578
0.1531692490000296
0.13003630799994426
0.14874881900004766
0.4226412729999538
0.12154407999992145
0.1351395809999758
0.2899189600000227
0.4208449190000465
0.4019486249999318
0.8086160759999075
0.40233778399988296
0.16844732499998827
0.5303187780000371
0.39205778400014424
0.43474819299990486
0.14128425899980357
0.01967111300018587
0.10954113999991932
0.016490574000044944
0.113973580999982
0.00038186400001904985
0.023979014000133247
0.12504472099999475
0.12715351400015606
0.13268111299998964
0.1432970440000645
0.11941502800004855
0.15754616300000635
0.013287938000075883
0.10572469800013096
0.016397395000012693
0.1202006569999412
0.01689983000005668
0.14001295199977903
0.1210912209999151
0.02700561699998616
0.12599985099996047
0.16273763599997437
0.12411654000015915
0.1493655320000471
0.12442866200012759
0.1429892240000754
0.1224150489999829
0.12912817699998413
0.01655899299998964
0.13822883100010586
0.13720567499990466
0.13656549100005577
0.13996118600016416
0.12664335900012702
0.017014405000054467
0.10852560899979835
0.01774370199996156
0.1262660560000768
0.019108395000102973
0.11111441999992167
0.027348765999931857
0.13572860800013586
0.13861014899998736
0.14102049000007355
0.14001105299985284
0.11700544600012108
0.14692284600005223
0.12203835700006493
0.12688995000007708
0.13376403400002346
0.03082203600001776
0.11953542700007347
0.13429140199991707
0.028773871999874245
0.12755434699988655
0.13136523999992278
0.13292381199994452
0.4115484710000601
0.1444786380000096
0.1512174319998394
0.9541427930000737
0.39568909500007976
0.40651406800020595
0.5396137709999493
0.41193530700002157
0.5269014450000213
0.15260515600016333
0.14908914400007234
0.24079166899991833
0.15461707100007516
0.42776461200014637
0.12985561000004964
0.42169964799995796
0.39185257199983425
0.8209352059998309
0.14421830700007376
0.12610852800003158
0.12353476799989949
0.027084815000080198
0.13411827499999163
0.14332199699992998
0.24424233800004913
0.15915732300004493
0.1498036759999195
0.255236511000021
0.681311887999982
0.6594379709999885
0.16166735500019058
0.2774313610000263
0.40279428600001665
0.3917477879999751
0.2910738119999223
1.2166128580001896
0.26249119499993867
0.2933853829999862
0.2544684710001093
0.15031588900001225
0.15177997399996457
0.13105904899998677
0.13298213799998848
0.2759685080000054
0.24810123200018097
0.27960827500010055
0.265935374000037
0.2938953020000099
0.28433277299996007
0.3995308969999769
0.4025650159999259
0.9545199170001979
0.2643765689999782
0.13811794999992344
0.14411455399999795
0.2699315959998785
0.27330502599988904
0.5330489729999499
0.5567578120001144
0.27241123599992534
0.40533178800001224
0.4221258619998025
0.4307015940000838
0.5193853020000461
0.40523000899997896
0.4120256229998631
0.1359069370000725
0.9951799739999387
0.3794128050001291
0.4094786400000885
0.2863680349998958
0.41047671000001174
0.39299861199992847
0.2748105809998833
0.14344420600014018
0.16576238700008616
0.27662875600003645
0.385880552999879
0.280239389000144
0.28262820899999497
0.13014058999988265
0.14180139799987046
0.12457576899987544
0.2517651040000146
0.14642357599996103
0.15348455399998784
0.1552884489999542
0.12691719600002216
0.14921351499992852
0.11914541100009046
0.12153122799986704
0.03628933400000278
0.12449064400016141
0.12012619400002222
0.13406207999992148
0.024411736000047313
0.13106881099997736
0.1262172480001027
0.03144689999999173
0.11759830100004365
0.14327460000004066
0.14284140399990974
0.12573661399983393
0.1283887780000441
0.13164404500003002
0.13706495199994606
0.1535917950000112
0.1474926889998187
0.2426660860000993
0.4116127070001312
0.1591898700000911
0.2488566530000753
0.2866650880000634
0.39601918800008207
